91.000000000
18.000000000
20.000000000
81.000000000
9.000000000
2.000000000
32.000000000
53.000000000
20.000000000
14.000000000
39.000000000
64.000000000
41.000000000
92.000000000
54.000000000
74.000000000
12.000000000
12.000000000
66.000000000
42.000000000
54.000000000
5.000000000
35.000000000
69.000000000
2.000000000
70.000000000
39.000000000
30.000000000
76.000000000
24.000000000
79.000000000
96.000000000
96.000000000
18.000000000
80.000000000
67.000000000
34.000000000
9.000000000
52.000000000
36.000000000
6.000000000
45.000000000
78.000000000
49.000000000
25.000000000
30.000000000
44.000000000
3.000000000
56.000000000
64.000000000
100.000000000
61.000000000
92.000000000
87.000000000
77.000000000
53.000000000
62.000000000
59.000000000
60.000000000
93.000000000
27.000000000
89.000000000
91.000000000
32.000000000
23.000000000
76.000000000
99.000000000
40.000000000
30.000000000
69.000000000
6.000000000
63.000000000
70.000000000
55.000000000
93.000000000
29.000000000
36.000000000
87.000000000
94.000000000
47.000000000
14.000000000
52.000000000
79.000000000
20.000000000
19.000000000
7.000000000
83.000000000
70.000000000
29.000000000
39.000000000
74.000000000
67.000000000
82.000000000
48.000000000
67.000000000
72.000000000
8.000000000
71.000000000
13.000000000
94.000000000
