112
905
258
716
513
718
37
156
854
591
147
509
401
873
310
668
170
541
347
504
417
919
871
981
943
646
599
543
745
377
500
500
87
836
473
922
575
41
860
123
158
990
917
861
831
160
294
365
232
416
201
713
303
757
192
39
976
675
230
181
156
733
717
679
190
171
699
913
621
484
527
873
236
597
942
655
285
445
58
923
797
991
410
494
770
128
832
968
445
692
164
970
293
637
248
972
660
131
184
84
853
911
657
982
999
931
927
632
80
423
682
16
941
245
991
71
436
987
417
814
279
847
886
308
393
913
768
535
548
694
898
440
395
328
732
213
858
73
813
669
221
774
538
93
346
956
360
116
664
193
135
952
740
912
887
61
757
361
601
746
284
616
647
855
239
204
772
208
594
899
803
340
995
445
596
533
846
949
811
941
9
900
473
681
53
166
161
10
973
453
865
234
996
516
992
757
104
929
576
192
999
83
806
508
911
180
711
432
943
433
869
577
536
903
58
654
382
585
799
887
220
944
877
69
988
199
854
186
88
551
755
452
705
370
51
717
747
789
48
511
1
784
299
316
493
554
939
29
658
488
929
105
113
444
545
347
287
523
904
141
962
480
777
63
43
191
3
722
912
636
792
685
645
550
994
843
652
604
454
545
259
658
771
320
533
173
760
841
432
827
40
552
465
156
607
719
523
438
313
531
160
429
412
429
257
65
951
842
294
337
413
23
348
105
630
271
223
855
186
446
248
502
518
558
534
52
939
898
742
597
275
883
550
40
538
347
5
437
136
143
129
432
233
517
774
465
411
83
648
983
539
894
45
387
957
360
906
605
550
647
300
192
976
499
70
607
471
774
484
133
463
212
594
89
563
677
220
326
399
33
100
559
746
370
338
537
932
722
625
755
605
475
107
293
792
88
719
357
968
93
370
162
169
387
481
873
853
772
658
242
931
836
546
716
478
105
143
656
737
563
96
12
367
597
134
670
769
467
378
533
248
666
987
652
389
239
126
803
989
912
674
386
456
19
341
500
452
601
684
410
730
942
396
819
826
857
822
297
363
460
259
825
781
424
260
805
397
824
387
797
916
339
338
384
610
948
137
156
73
273
347
517
945
912
793
330
820
885
884
334
158
325
125
523
665
316
100
827
954
988
879
154
215
296
587
533
244
608
300
191
175
39
563
737
217
536
939
861
968
549
242
785
36
127
903
977
247
756
29
47
560
185
332
288
256
809
16
879
127
682
906
485
709
412
666
183
710
780
775
753
744
942
384
9
92
264
621
245
134
126
731
876
384
850
411
361
161
982
100
913
189
806
299
79
624
620
149
964
901
195
820
5
555
220
760
452
286
5
821
525
373
808
99
441
862
657
82
691
558
812
695
861
276
245
441
321
454
452
105
838
697
237
933
564
659
788
390
619
799
907
629
677
451
864
669
246
139
106
974
305
561
664
171
885
445
678
822
453
116
192
307
89
981
249
450
896
51
42
373
325
926
947
538
258
69
306
609
897
879
359
269
446
540
177
763
534
21
137
690
264
843
689
487
831
315
583
3
757
59
738
316
946
680
371
796
359
909
948
930
32
308
71
458
260
610
874
607
709
403
681
749
88
112
28
454
147
749
177
903
539
888
133
619
354
667
791
395
428
818
811
743
325
785
400
131
788
864
479
494
753
816
34
965
22
470
586
144
244
165
993
905
728
362
103
904
807
52
442
623
429
578
825
80
570
290
422
858
463
925
95
653
349
96
373
884
903
997
614
881
606
463
531
655
444
738
560
983
340
988
621
536
884
684
774
174
10
110
527
512
129
667
320
151
974
683
586
709
781
245
372
427
587
392
882
417
124
549
165
153
139
129
995
236
804
55
395
504
462
45
26
461
490
118
815
335
845
614
167
1
854
715
264
347
348
662
531
21
875
838
983
952
616
787
439
853
860
436
228
678
486
282
841
45
245
243
832
465
389
849
405
814
857
504
749
349
469
519
625
83
580
38
802
733
14
794
879
298
939
992
772
448
807
504
433
348
2
325
706
23
957
549
941
457
571
542
178
225
671
466
890
423
127
1000
186
867
914
400
992
417
544
219
220
887
298
722
36
928
661
98
475
549
263
581
144
443
34
666
895
320
622
420
558
910
452
171
669
288
990
634
548
312
165
210
493
732
588
970
195
646
730
508
252
726
902
540
984
59
717
66
107
234
85
479
764
468
600
360
371
473
436
477
757
315
800
449
614
603
17
47
131
406
264
125
493
454
97
719
284
501
723
293
143
593
300
983
625
461
736
995
91
