205.000000000 16.000000000 6.000000000 19.000000000 3.000000000 17.000000000 4.000000000 2.000000000 16.000000000 20.000000000 13.000000000 4.000000000 13.000000000 3.000000000 15.000000000 8.000000000 10.000000000 19.000000000 1.000000000 9.000000000
16.000000000 215.000000000 13.000000000 8.000000000 11.000000000 5.000000000 4.000000000 4.000000000 13.000000000 2.000000000 18.000000000 12.000000000 13.000000000 18.000000000 11.000000000 11.000000000 4.000000000 12.000000000 7.000000000 20.000000000
8.000000000 6.000000000 213.000000000 4.000000000 12.000000000 13.000000000 18.000000000 5.000000000 16.000000000 5.000000000 18.000000000 15.000000000 5.000000000 2.000000000 17.000000000 15.000000000 15.000000000 13.000000000 1.000000000 13.000000000
14.000000000 1.000000000 16.000000000 214.000000000 14.000000000 3.000000000 3.000000000 19.000000000 14.000000000 12.000000000 7.000000000 17.000000000 11.000000000 5.000000000 4.000000000 13.000000000 14.000000000 3.000000000 13.000000000 14.000000000
17.000000000 9.000000000 14.000000000 15.000000000 204.000000000 4.000000000 4.000000000 3.000000000 8.000000000 1.000000000 15.000000000 13.000000000 13.000000000 10.000000000 15.000000000 3.000000000 8.000000000 6.000000000 19.000000000 11.000000000
15.000000000 20.000000000 3.000000000 10.000000000 18.000000000 206.000000000 19.000000000 18.000000000 16.000000000 3.000000000 8.000000000 8.000000000 5.000000000 8.000000000 1.000000000 13.000000000 12.000000000 11.000000000 1.000000000 12.000000000
17.000000000 1.000000000 19.000000000 8.000000000 10.000000000 14.000000000 188.000000000 8.000000000 5.000000000 15.000000000 15.000000000 11.000000000 6.000000000 5.000000000 4.000000000 13.000000000 12.000000000 4.000000000 2.000000000 17.000000000
9.000000000 10.000000000 9.000000000 14.000000000 15.000000000 1.000000000 8.000000000 214.000000000 20.000000000 17.000000000 8.000000000 17.000000000 18.000000000 19.000000000 7.000000000 7.000000000 12.000000000 1.000000000 15.000000000 5.000000000
4.000000000 8.000000000 16.000000000 9.000000000 18.000000000 11.000000000 14.000000000 11.000000000 226.000000000 13.000000000 10.000000000 16.000000000 11.000000000 3.000000000 9.000000000 13.000000000 17.000000000 13.000000000 7.000000000 9.000000000
15.000000000 3.000000000 9.000000000 20.000000000 7.000000000 6.000000000 12.000000000 2.000000000 6.000000000 174.000000000 5.000000000 3.000000000 11.000000000 10.000000000 3.000000000 13.000000000 9.000000000 9.000000000 3.000000000 7.000000000
6.000000000 6.000000000 20.000000000 6.000000000 18.000000000 3.000000000 10.000000000 8.000000000 14.000000000 9.000000000 222.000000000 3.000000000 9.000000000 9.000000000 18.000000000 14.000000000 18.000000000 17.000000000 17.000000000 9.000000000
5.000000000 9.000000000 18.000000000 4.000000000 9.000000000 1.000000000 3.000000000 2.000000000 8.000000000 14.000000000 4.000000000 139.000000000 6.000000000 14.000000000 12.000000000 5.000000000 7.000000000 4.000000000 4.000000000 1.000000000
8.000000000 7.000000000 8.000000000 9.000000000 17.000000000 19.000000000 8.000000000 20.000000000 2.000000000 11.000000000 16.000000000 13.000000000 214.000000000 4.000000000 19.000000000 13.000000000 5.000000000 1.000000000 18.000000000 5.000000000
17.000000000 13.000000000 6.000000000 8.000000000 15.000000000 8.000000000 9.000000000 11.000000000 8.000000000 9.000000000 2.000000000 14.000000000 18.000000000 216.000000000 15.000000000 10.000000000 19.000000000 5.000000000 3.000000000 18.000000000
9.000000000 17.000000000 19.000000000 20.000000000 7.000000000 15.000000000 13.000000000 15.000000000 8.000000000 18.000000000 9.000000000 4.000000000 10.000000000 3.000000000 223.000000000 5.000000000 10.000000000 14.000000000 7.000000000 2.000000000
5.000000000 14.000000000 16.000000000 17.000000000 20.000000000 14.000000000 17.000000000 17.000000000 14.000000000 10.000000000 9.000000000 8.000000000 13.000000000 7.000000000 16.000000000 262.000000000 20.000000000 15.000000000 13.000000000 10.000000000
4.000000000 6.000000000 6.000000000 10.000000000 17.000000000 3.000000000 8.000000000 12.000000000 8.000000000 4.000000000 7.000000000 5.000000000 12.000000000 17.000000000 3.000000000 12.000000000 179.000000000 4.000000000 10.000000000 19.000000000
19.000000000 10.000000000 3.000000000 4.000000000 20.000000000 11.000000000 11.000000000 7.000000000 12.000000000 1.000000000 16.000000000 14.000000000 7.000000000 14.000000000 3.000000000 12.000000000 18.000000000 209.000000000 2.000000000 19.000000000
6.000000000 18.000000000 5.000000000 15.000000000 16.000000000 15.000000000 20.000000000 20.000000000 8.000000000 14.000000000 9.000000000 17.000000000 19.000000000 20.000000000 8.000000000 2.000000000 1.000000000 15.000000000 261.000000000 13.000000000
5.000000000 12.000000000 14.000000000 6.000000000 12.000000000 15.000000000 5.000000000 2.000000000 17.000000000 19.000000000 13.000000000 14.000000000 5.000000000 6.000000000 5.000000000 9.000000000 18.000000000 16.000000000 11.000000000 209.000000000
